          45
           1 -0.499356993302214     
           2 -0.124884315886569     
           3 -0.124645474879239     
           4 -0.124645474879239     
           5 -0.124645474879239     
           6 -5.537243808344439E-002
           7 -5.451888381689200E-002
           8 -5.451888381689200E-002
           9 -5.451888381689200E-002
          10 -4.081694876413896E-002
          11 -4.081694876413880E-002
          12 -4.081694876413879E-002
          13 -4.081694876413879E-002
          14 -4.081694876413872E-002
          15 -3.081489477626273E-002
          16 -3.032139523511170E-002
          17 -3.032139523511168E-002
          18 -3.032139523511168E-002
          19 -2.320835902880117E-002
          20 -2.320835902880117E-002
          21 -2.320835902880117E-002
          22 -2.320835902880117E-002
          23 -2.320835902880114E-002
          24 -1.947462655719923E-002
          25 -1.213566958307618E-002
          26  5.886241960924934E-002
          27  0.173992537661388     
          28  0.173992537661388     
          29  0.173992537661388     
          30  0.332042934300368     
          31   1.32251687597178     
          32   1.50532480001347     
          33   1.50532480001347     
          34   1.50532480001347     
          35   2.65092150542781     
          36   2.65092150542781     
          37   2.65092150542781     
          38   2.65092150542782     
          39   2.65092150542782     
          40   3.83327770362837     
          41   7.84104485556229     
          42   7.84104485556229     
          43   7.84104485556229     
          44   9.82093692097962     
          45   27.8728300300104     
