 # for each eigenvalue : ci, icenter, icgto, ix, iy, iz 
          45          45
           1 -0.499356993302214     
     0.021804730558834    1    1    0    0    0
     0.042983260794045    1    2    0    0    0
     0.210343408351073    1    3    0    0    0
     0.499220291815856    1    4    0    0    0
     0.392030603171498    1    5    0    0    0
    -0.023174956346721    1    6    0    0    0
    -0.021052840573199    1    7    0    0    0
     0.009864320429803    1    8    0    0    0
    -0.006138948975459    1    9    0    0    0
     0.000000000000000    1    1    1    0    0
     0.000000000000000    1    1    0    1    0
     0.000000000000000    1    1    0    0    1
     0.000000000000000    1    2    1    0    0
     0.000000000000000    1    2    0    1    0
     0.000000000000000    1    2    0    0    1
     0.000000000000000    1    3    1    0    0
     0.000000000000000    1    3    0    1    0
     0.000000000000000    1    3    0    0    1
     0.000000000000000    1    4    1    0    0
     0.000000000000000    1    4    0    1    0
     0.000000000000000    1    4    0    0    1
     0.000000000000000    1    5    1    0    0
     0.000000000000000    1    5    0    1    0
     0.000000000000000    1    5    0    0    1
     0.000000000000000    1    6    1    0    0
     0.000000000000000    1    6    0    1    0
     0.000000000000000    1    6    0    0    1
    -0.005254677635507    1    1    2    0    0
     0.000000000000000    1    1    1    1    0
     0.000000000000000    1    1    1    0    1
    -0.005254677635507    1    1    0    2    0
     0.000000000000000    1    1    0    1    1
    -0.005254677635507    1    1    0    0    2
     0.014293550699907    1    2    2    0    0
     0.000000000000000    1    2    1    1    0
     0.000000000000000    1    2    1    0    1
     0.014293550699907    1    2    0    2    0
     0.000000000000000    1    2    0    1    1
     0.014293550699906    1    2    0    0    2
     0.001190596864362    1    3    2    0    0
     0.000000000000000    1    3    1    1    0
     0.000000000000000    1    3    1    0    1
     0.001190596864362    1    3    0    2    0
     0.000000000000000    1    3    0    1    1
     0.001190596864363    1    3    0    0    2
           2 -0.124884315886569     
    -0.007990522742168    1    1    0    0    0
    -0.014384578368260    1    2    0    0    0
    -0.081153400383701    1    3    0    0    0
    -0.279140871248481    1    4    0    0    0
    -0.255829424939654    1    5    0    0    0
     0.789073285836189    1    6    0    0    0
     0.401604186124238    1    7    0    0    0
    -0.076581004262827    1    8    0    0    0
     0.045786715996428    1    9    0    0    0
     0.000000000000000    1    1    1    0    0
     0.000000000000000    1    1    0    1    0
     0.000000000000000    1    1    0    0    1
     0.000000000000000    1    2    1    0    0
     0.000000000000000    1    2    0    1    0
     0.000000000000000    1    2    0    0    1
     0.000000000000000    1    3    1    0    0
     0.000000000000000    1    3    0    1    0
     0.000000000000000    1    3    0    0    1
     0.000000000000000    1    4    1    0    0
     0.000000000000000    1    4    0    1    0
     0.000000000000000    1    4    0    0    1
     0.000000000000000    1    5    1    0    0
     0.000000000000000    1    5    0    1    0
     0.000000000000000    1    5    0    0    1
     0.000000000000000    1    6    1    0    0
     0.000000000000000    1    6    0    1    0
     0.000000000000000    1    6    0    0    1
     0.004548845214660    1    1    2    0    0
     0.000000000000000    1    1    1    1    0
     0.000000000000000    1    1    1    0    1
     0.004548845214660    1    1    0    2    0
     0.000000000000000    1    1    0    1    1
     0.004548845214660    1    1    0    0    2
     0.033613915172125    1    2    2    0    0
     0.000000000000000    1    2    1    1    0
     0.000000000000000    1    2    1    0    1
     0.033613915172127    1    2    0    2    0
     0.000000000000000    1    2    0    1    1
     0.033613915172126    1    2    0    0    2
    -0.008793137429724    1    3    2    0    0
     0.000000000000000    1    3    1    1    0
     0.000000000000000    1    3    1    0    1
    -0.008793137429724    1    3    0    2    0
     0.000000000000000    1    3    0    1    1
    -0.008793137429724    1    3    0    0    2
           3 -0.124645474879239     
     0.000000000000000    1    1    0    0    0
     0.000000000000000    1    2    0    0    0
     0.000000000000000    1    3    0    0    0
     0.000000000000000    1    4    0    0    0
     0.000000000000000    1    5    0    0    0
     0.000000000000000    1    6    0    0    0
     0.000000000000000    1    7    0    0    0
     0.000000000000000    1    8    0    0    0
     0.000000000000000    1    9    0    0    0
     0.000000000000000    1    1    1    0    0
     0.002396656416097    1    1    0    1    0
     0.000000000000000    1    1    0    0    1
     0.000000000000000    1    2    1    0    0
     0.018888354224580    1    2    0    1    0
     0.000000000000000    1    2    0    0    1
     0.000000000000000    1    3    1    0    0
     0.191025972818609    1    3    0    1    0
     0.000000000000000    1    3    0    0    1
     0.000000000000000    1    4    1    0    0
     0.712168852122575    1    4    0    1    0
     0.000000000000000    1    4    0    0    1
     0.000000000000000    1    5    1    0    0
     0.268245843555986    1    5    0    1    0
     0.000000000000000    1    5    0    0    1
     0.000000000000000    1    6    1    0    0
    -0.032410267172180    1    6    0    1    0
     0.000000000000000    1    6    0    0    1
     0.000000000000000    1    1    2    0    0
     0.000000000000000    1    1    1    1    0
     0.000000000000000    1    1    1    0    1
     0.000000000000000    1    1    0    2    0
     0.000000000000000    1    1    0    1    1
     0.000000000000000    1    1    0    0    2
     0.000000000000000    1    2    2    0    0
     0.000000000000000    1    2    1    1    0
     0.000000000000000    1    2    1    0    1
     0.000000000000000    1    2    0    2    0
     0.000000000000000    1    2    0    1    1
     0.000000000000000    1    2    0    0    2
     0.000000000000000    1    3    2    0    0
     0.000000000000000    1    3    1    1    0
     0.000000000000000    1    3    1    0    1
     0.000000000000000    1    3    0    2    0
     0.000000000000000    1    3    0    1    1
     0.000000000000000    1    3    0    0    2
           4 -0.124645474879239     
     0.000000000000000    1    1    0    0    0
     0.000000000000000    1    2    0    0    0
     0.000000000000000    1    3    0    0    0
     0.000000000000000    1    4    0    0    0
     0.000000000000000    1    5    0    0    0
     0.000000000000000    1    6    0    0    0
     0.000000000000000    1    7    0    0    0
     0.000000000000000    1    8    0    0    0
     0.000000000000000    1    9    0    0    0
     0.000000000000000    1    1    1    0    0
     0.000000000000000    1    1    0    1    0
     0.002396656416097    1    1    0    0    1
     0.000000000000000    1    2    1    0    0
     0.000000000000000    1    2    0    1    0
     0.018888354224580    1    2    0    0    1
     0.000000000000000    1    3    1    0    0
     0.000000000000000    1    3    0    1    0
     0.191025972818609    1    3    0    0    1
     0.000000000000000    1    4    1    0    0
     0.000000000000000    1    4    0    1    0
     0.712168852122575    1    4    0    0    1
     0.000000000000000    1    5    1    0    0
     0.000000000000000    1    5    0    1    0
     0.268245843555986    1    5    0    0    1
     0.000000000000000    1    6    1    0    0
     0.000000000000000    1    6    0    1    0
    -0.032410267172180    1    6    0    0    1
     0.000000000000000    1    1    2    0    0
     0.000000000000000    1    1    1    1    0
     0.000000000000000    1    1    1    0    1
     0.000000000000000    1    1    0    2    0
     0.000000000000000    1    1    0    1    1
     0.000000000000000    1    1    0    0    2
     0.000000000000000    1    2    2    0    0
     0.000000000000000    1    2    1    1    0
     0.000000000000000    1    2    1    0    1
     0.000000000000000    1    2    0    2    0
     0.000000000000000    1    2    0    1    1
     0.000000000000000    1    2    0    0    2
     0.000000000000000    1    3    2    0    0
     0.000000000000000    1    3    1    1    0
     0.000000000000000    1    3    1    0    1
     0.000000000000000    1    3    0    2    0
     0.000000000000000    1    3    0    1    1
     0.000000000000000    1    3    0    0    2
           5 -0.124645474879239     
     0.000000000000000    1    1    0    0    0
     0.000000000000000    1    2    0    0    0
     0.000000000000000    1    3    0    0    0
     0.000000000000000    1    4    0    0    0
     0.000000000000000    1    5    0    0    0
     0.000000000000000    1    6    0    0    0
     0.000000000000000    1    7    0    0    0
     0.000000000000000    1    8    0    0    0
     0.000000000000000    1    9    0    0    0
     0.002396656416097    1    1    1    0    0
     0.000000000000000    1    1    0    1    0
     0.000000000000000    1    1    0    0    1
     0.018888354224580    1    2    1    0    0
     0.000000000000000    1    2    0    1    0
     0.000000000000000    1    2    0    0    1
     0.191025972818609    1    3    1    0    0
     0.000000000000000    1    3    0    1    0
     0.000000000000000    1    3    0    0    1
     0.712168852122575    1    4    1    0    0
     0.000000000000000    1    4    0    1    0
     0.000000000000000    1    4    0    0    1
     0.268245843555986    1    5    1    0    0
     0.000000000000000    1    5    0    1    0
     0.000000000000000    1    5    0    0    1
    -0.032410267172180    1    6    1    0    0
     0.000000000000000    1    6    0    1    0
     0.000000000000000    1    6    0    0    1
     0.000000000000000    1    1    2    0    0
     0.000000000000000    1    1    1    1    0
     0.000000000000000    1    1    1    0    1
     0.000000000000000    1    1    0    2    0
     0.000000000000000    1    1    0    1    1
     0.000000000000000    1    1    0    0    2
     0.000000000000000    1    2    2    0    0
     0.000000000000000    1    2    1    1    0
     0.000000000000000    1    2    1    0    1
     0.000000000000000    1    2    0    2    0
     0.000000000000000    1    2    0    1    1
     0.000000000000000    1    2    0    0    2
     0.000000000000000    1    3    2    0    0
     0.000000000000000    1    3    1    1    0
     0.000000000000000    1    3    1    0    1
     0.000000000000000    1    3    0    2    0
     0.000000000000000    1    3    0    1    1
     0.000000000000000    1    3    0    0    2
           6 -5.537243808344439E-002
     0.004511535693733    1    1    0    0    0
     0.006822743668956    1    2    0    0    0
     0.043408004780044    1    3    0    0    0
     0.181155964905557    1    4    0    0    0
     0.108309340731806    1    5    0    0    0
    -0.977105923242395    1    6    0    0    0
     0.551872986383528    1    7    0    0    0
     1.138777850334387    1    8    0    0    0
    -0.370557307701648    1    9    0    0    0
     0.000000000000000    1    1    1    0    0
     0.000000000000000    1    1    0    1    0
     0.000000000000000    1    1    0    0    1
     0.000000000000000    1    2    1    0    0
     0.000000000000000    1    2    0    1    0
     0.000000000000000    1    2    0    0    1
     0.000000000000000    1    3    1    0    0
     0.000000000000000    1    3    0    1    0
     0.000000000000000    1    3    0    0    1
     0.000000000000000    1    4    1    0    0
     0.000000000000000    1    4    0    1    0
     0.000000000000000    1    4    0    0    1
     0.000000000000000    1    5    1    0    0
     0.000000000000000    1    5    0    1    0
     0.000000000000000    1    5    0    0    1
     0.000000000000000    1    6    1    0    0
     0.000000000000000    1    6    0    1    0
     0.000000000000000    1    6    0    0    1
    -0.004407176206597    1    1    2    0    0
     0.000000000000000    1    1    1    1    0
     0.000000000000000    1    1    1    0    1
    -0.004407176206597    1    1    0    2    0
     0.000000000000000    1    1    0    1    1
    -0.004407176206596    1    1    0    0    2
    -0.125106336337804    1    2    2    0    0
     0.000000000000000    1    2    1    1    0
     0.000000000000000    1    2    1    0    1
    -0.125106336337803    1    2    0    2    0
     0.000000000000000    1    2    0    1    1
    -0.125106336337802    1    2    0    0    2
     0.067576281590880    1    3    2    0    0
     0.000000000000000    1    3    1    1    0
     0.000000000000000    1    3    1    0    1
     0.067576281590881    1    3    0    2    0
     0.000000000000000    1    3    0    1    1
     0.067576281590881    1    3    0    0    2
           7 -5.451888381689200E-002
     0.000000000000000    1    1    0    0    0
     0.000000000000000    1    2    0    0    0
     0.000000000000000    1    3    0    0    0
     0.000000000000000    1    4    0    0    0
     0.000000000000000    1    5    0    0    0
     0.000000000000000    1    6    0    0    0
     0.000000000000000    1    7    0    0    0
     0.000000000000000    1    8    0    0    0
     0.000000000000000    1    9    0    0    0
     0.000000000000000    1    1    1    0    0
    -0.001512293255785    1    1    0    1    0
     0.000000000000000    1    1    0    0    1
     0.000000000000000    1    2    1    0    0
    -0.012409569546284    1    2    0    1    0
     0.000000000000000    1    2    0    0    1
     0.000000000000000    1    3    1    0    0
    -0.131137425917345    1    3    0    1    0
     0.000000000000000    1    3    0    0    1
     0.000000000000000    1    4    1    0    0
    -0.569960089092968    1    4    0    1    0
     0.000000000000000    1    4    0    0    1
     0.000000000000000    1    5    1    0    0
     0.786421254180615    1    5    0    1    0
     0.000000000000000    1    5    0    0    1
     0.000000000000000    1    6    1    0    0
     0.431184491924801    1    6    0    1    0
     0.000000000000000    1    6    0    0    1
     0.000000000000000    1    1    2    0    0
     0.000000000000000    1    1    1    1    0
     0.000000000000000    1    1    1    0    1
     0.000000000000000    1    1    0    2    0
     0.000000000000000    1    1    0    1    1
     0.000000000000000    1    1    0    0    2
     0.000000000000000    1    2    2    0    0
     0.000000000000000    1    2    1    1    0
     0.000000000000000    1    2    1    0    1
     0.000000000000000    1    2    0    2    0
     0.000000000000000    1    2    0    1    1
     0.000000000000000    1    2    0    0    2
     0.000000000000000    1    3    2    0    0
     0.000000000000000    1    3    1    1    0
     0.000000000000000    1    3    1    0    1
     0.000000000000000    1    3    0    2    0
     0.000000000000000    1    3    0    1    1
     0.000000000000000    1    3    0    0    2
           8 -5.451888381689200E-002
     0.000000000000000    1    1    0    0    0
     0.000000000000000    1    2    0    0    0
     0.000000000000000    1    3    0    0    0
     0.000000000000000    1    4    0    0    0
     0.000000000000000    1    5    0    0    0
     0.000000000000000    1    6    0    0    0
     0.000000000000000    1    7    0    0    0
     0.000000000000000    1    8    0    0    0
     0.000000000000000    1    9    0    0    0
     0.000000000000000    1    1    1    0    0
     0.000000000000000    1    1    0    1    0
    -0.001512293255785    1    1    0    0    1
     0.000000000000000    1    2    1    0    0
     0.000000000000000    1    2    0    1    0
    -0.012409569546284    1    2    0    0    1
     0.000000000000000    1    3    1    0    0
     0.000000000000000    1    3    0    1    0
    -0.131137425917345    1    3    0    0    1
     0.000000000000000    1    4    1    0    0
     0.000000000000000    1    4    0    1    0
    -0.569960089092968    1    4    0    0    1
     0.000000000000000    1    5    1    0    0
     0.000000000000000    1    5    0    1    0
     0.786421254180615    1    5    0    0    1
     0.000000000000000    1    6    1    0    0
     0.000000000000000    1    6    0    1    0
     0.431184491924801    1    6    0    0    1
     0.000000000000000    1    1    2    0    0
     0.000000000000000    1    1    1    1    0
     0.000000000000000    1    1    1    0    1
     0.000000000000000    1    1    0    2    0
     0.000000000000000    1    1    0    1    1
     0.000000000000000    1    1    0    0    2
     0.000000000000000    1    2    2    0    0
     0.000000000000000    1    2    1    1    0
     0.000000000000000    1    2    1    0    1
     0.000000000000000    1    2    0    2    0
     0.000000000000000    1    2    0    1    1
     0.000000000000000    1    2    0    0    2
     0.000000000000000    1    3    2    0    0
     0.000000000000000    1    3    1    1    0
     0.000000000000000    1    3    1    0    1
     0.000000000000000    1    3    0    2    0
     0.000000000000000    1    3    0    1    1
     0.000000000000000    1    3    0    0    2
           9 -5.451888381689200E-002
     0.000000000000000    1    1    0    0    0
     0.000000000000000    1    2    0    0    0
     0.000000000000000    1    3    0    0    0
     0.000000000000000    1    4    0    0    0
     0.000000000000000    1    5    0    0    0
     0.000000000000000    1    6    0    0    0
     0.000000000000000    1    7    0    0    0
     0.000000000000000    1    8    0    0    0
     0.000000000000000    1    9    0    0    0
    -0.001512293255785    1    1    1    0    0
     0.000000000000000    1    1    0    1    0
     0.000000000000000    1    1    0    0    1
    -0.012409569546284    1    2    1    0    0
     0.000000000000000    1    2    0    1    0
     0.000000000000000    1    2    0    0    1
    -0.131137425917345    1    3    1    0    0
     0.000000000000000    1    3    0    1    0
     0.000000000000000    1    3    0    0    1
    -0.569960089092968    1    4    1    0    0
     0.000000000000000    1    4    0    1    0
     0.000000000000000    1    4    0    0    1
     0.786421254180615    1    5    1    0    0
     0.000000000000000    1    5    0    1    0
     0.000000000000000    1    5    0    0    1
     0.431184491924800    1    6    1    0    0
     0.000000000000000    1    6    0    1    0
     0.000000000000000    1    6    0    0    1
     0.000000000000000    1    1    2    0    0
     0.000000000000000    1    1    1    1    0
     0.000000000000000    1    1    1    0    1
     0.000000000000000    1    1    0    2    0
     0.000000000000000    1    1    0    1    1
     0.000000000000000    1    1    0    0    2
     0.000000000000000    1    2    2    0    0
     0.000000000000000    1    2    1    1    0
     0.000000000000000    1    2    1    0    1
     0.000000000000000    1    2    0    2    0
     0.000000000000000    1    2    0    1    1
     0.000000000000000    1    2    0    0    2
     0.000000000000000    1    3    2    0    0
     0.000000000000000    1    3    1    1    0
     0.000000000000000    1    3    1    0    1
     0.000000000000000    1    3    0    2    0
     0.000000000000000    1    3    0    1    1
     0.000000000000000    1    3    0    0    2
          10 -4.081694876413896E-002
     0.000000000000000    1    1    0    0    0
     0.000000000000000    1    2    0    0    0
     0.000000000000001    1    3    0    0    0
     0.000000000000000    1    4    0    0    0
     0.000000000000002    1    5    0    0    0
    -0.000000000000009    1    6    0    0    0
     0.000000000000009    1    7    0    0    0
    -0.000000000000005    1    8    0    0    0
    -0.000000000000007    1    9    0    0    0
     0.000000000000000    1    1    1    0    0
     0.000000000000000    1    1    0    1    0
     0.000000000000000    1    1    0    0    1
     0.000000000000000    1    2    1    0    0
     0.000000000000000    1    2    0    1    0
     0.000000000000000    1    2    0    0    1
     0.000000000000000    1    3    1    0    0
     0.000000000000000    1    3    0    1    0
     0.000000000000000    1    3    0    0    1
     0.000000000000000    1    4    1    0    0
     0.000000000000000    1    4    0    1    0
     0.000000000000000    1    4    0    0    1
     0.000000000000000    1    5    1    0    0
     0.000000000000000    1    5    0    1    0
     0.000000000000000    1    5    0    0    1
     0.000000000000000    1    6    1    0    0
     0.000000000000000    1    6    0    1    0
     0.000000000000000    1    6    0    0    1
    -0.003163319035964    1    1    2    0    0
     0.000000000000000    1    1    1    1    0
     0.000000000000000    1    1    1    0    1
     0.001698649254312    1    1    0    2    0
     0.000000000000000    1    1    0    1    1
     0.001464669781652    1    1    0    0    2
    -0.993461513348060    1    2    2    0    0
     0.000000000000000    1    2    1    1    0
     0.000000000000000    1    2    1    0    1
     0.533472166307191    1    2    0    2    0
     0.000000000000000    1    2    0    1    1
     0.459989347040872    1    2    0    0    2
    -0.083912290715611    1    3    2    0    0
     0.000000000000000    1    3    1    1    0
     0.000000000000000    1    3    1    0    1
     0.045059492397446    1    3    0    2    0
     0.000000000000000    1    3    0    1    1
     0.038852798318177    1    3    0    0    2
          11 -4.081694876413880E-002
     0.000000000000000    1    1    0    0    0
     0.000000000000000    1    2    0    0    0
     0.000000000000000    1    3    0    0    0
     0.000000000000000    1    4    0    0    0
     0.000000000000000    1    5    0    0    0
     0.000000000000000    1    6    0    0    0
     0.000000000000000    1    7    0    0    0
     0.000000000000000    1    8    0    0    0
     0.000000000000000    1    9    0    0    0
     0.000000000000000    1    1    1    0    0
     0.000000000000000    1    1    0    1    0
     0.000000000000000    1    1    0    0    1
     0.000000000000000    1    2    1    0    0
     0.000000000000000    1    2    0    1    0
     0.000000000000000    1    2    0    0    1
     0.000000000000000    1    3    1    0    0
     0.000000000000000    1    3    0    1    0
     0.000000000000000    1    3    0    0    1
     0.000000000000000    1    4    1    0    0
     0.000000000000000    1    4    0    1    0
     0.000000000000000    1    4    0    0    1
     0.000000000000000    1    5    1    0    0
     0.000000000000000    1    5    0    1    0
     0.000000000000000    1    5    0    0    1
     0.000000000000000    1    6    1    0    0
     0.000000000000000    1    6    0    1    0
     0.000000000000000    1    6    0    0    1
     0.000000000000000    1    1    2    0    0
     0.003166202160502    1    1    1    1    0
     0.000000000000000    1    1    1    0    1
     0.000000000000000    1    1    0    2    0
     0.000000000000000    1    1    0    1    1
     0.000000000000000    1    1    0    0    2
     0.000000000000000    1    2    2    0    0
     0.994366977904165    1    2    1    1    0
     0.000000000000000    1    2    1    0    1
     0.000000000000000    1    2    0    2    0
     0.000000000000000    1    2    0    1    1
     0.000000000000000    1    2    0    0    2
     0.000000000000000    1    3    2    0    0
     0.083988770381957    1    3    1    1    0
     0.000000000000000    1    3    1    0    1
     0.000000000000000    1    3    0    2    0
     0.000000000000000    1    3    0    1    1
     0.000000000000000    1    3    0    0    2
          12 -4.081694876413879E-002
     0.000000000000000    1    1    0    0    0
     0.000000000000000    1    2    0    0    0
     0.000000000000000    1    3    0    0    0
     0.000000000000000    1    4    0    0    0
     0.000000000000000    1    5    0    0    0
     0.000000000000000    1    6    0    0    0
     0.000000000000000    1    7    0    0    0
     0.000000000000000    1    8    0    0    0
     0.000000000000000    1    9    0    0    0
     0.000000000000000    1    1    1    0    0
     0.000000000000000    1    1    0    1    0
     0.000000000000000    1    1    0    0    1
     0.000000000000000    1    2    1    0    0
     0.000000000000000    1    2    0    1    0
     0.000000000000000    1    2    0    0    1
     0.000000000000000    1    3    1    0    0
     0.000000000000000    1    3    0    1    0
     0.000000000000000    1    3    0    0    1
     0.000000000000000    1    4    1    0    0
     0.000000000000000    1    4    0    1    0
     0.000000000000000    1    4    0    0    1
     0.000000000000000    1    5    1    0    0
     0.000000000000000    1    5    0    1    0
     0.000000000000000    1    5    0    0    1
     0.000000000000000    1    6    1    0    0
     0.000000000000000    1    6    0    1    0
     0.000000000000000    1    6    0    0    1
     0.000000000000000    1    1    2    0    0
     0.000000000000000    1    1    1    1    0
     0.000000000000000    1    1    1    0    1
     0.000000000000000    1    1    0    2    0
     0.003166202160502    1    1    0    1    1
     0.000000000000000    1    1    0    0    2
     0.000000000000000    1    2    2    0    0
     0.000000000000000    1    2    1    1    0
     0.000000000000000    1    2    1    0    1
     0.000000000000000    1    2    0    2    0
     0.994366977904165    1    2    0    1    1
     0.000000000000000    1    2    0    0    2
     0.000000000000000    1    3    2    0    0
     0.000000000000000    1    3    1    1    0
     0.000000000000000    1    3    1    0    1
     0.000000000000000    1    3    0    2    0
     0.083988770381957    1    3    0    1    1
     0.000000000000000    1    3    0    0    2
          13 -4.081694876413879E-002
     0.000000000000000    1    1    0    0    0
     0.000000000000000    1    2    0    0    0
     0.000000000000000    1    3    0    0    0
     0.000000000000000    1    4    0    0    0
     0.000000000000000    1    5    0    0    0
     0.000000000000000    1    6    0    0    0
     0.000000000000000    1    7    0    0    0
     0.000000000000000    1    8    0    0    0
     0.000000000000000    1    9    0    0    0
     0.000000000000000    1    1    1    0    0
     0.000000000000000    1    1    0    1    0
     0.000000000000000    1    1    0    0    1
     0.000000000000000    1    2    1    0    0
     0.000000000000000    1    2    0    1    0
     0.000000000000000    1    2    0    0    1
     0.000000000000000    1    3    1    0    0
     0.000000000000000    1    3    0    1    0
     0.000000000000000    1    3    0    0    1
     0.000000000000000    1    4    1    0    0
     0.000000000000000    1    4    0    1    0
     0.000000000000000    1    4    0    0    1
     0.000000000000000    1    5    1    0    0
     0.000000000000000    1    5    0    1    0
     0.000000000000000    1    5    0    0    1
     0.000000000000000    1    6    1    0    0
     0.000000000000000    1    6    0    1    0
     0.000000000000000    1    6    0    0    1
     0.000000000000000    1    1    2    0    0
     0.000000000000000    1    1    1    1    0
     0.003166202160502    1    1    1    0    1
     0.000000000000000    1    1    0    2    0
     0.000000000000000    1    1    0    1    1
     0.000000000000000    1    1    0    0    2
     0.000000000000000    1    2    2    0    0
     0.000000000000000    1    2    1    1    0
     0.994366977904165    1    2    1    0    1
     0.000000000000000    1    2    0    2    0
     0.000000000000000    1    2    0    1    1
     0.000000000000000    1    2    0    0    2
     0.000000000000000    1    3    2    0    0
     0.000000000000000    1    3    1    1    0
     0.083988770381957    1    3    1    0    1
     0.000000000000000    1    3    0    2    0
     0.000000000000000    1    3    0    1    1
     0.000000000000000    1    3    0    0    2
          14 -4.081694876413872E-002
     0.000000000000000    1    1    0    0    0
    -0.000000000000000    1    2    0    0    0
     0.000000000000000    1    3    0    0    0
     0.000000000000001    1    4    0    0    0
    -0.000000000000002    1    5    0    0    0
    -0.000000000000004    1    6    0    0    0
     0.000000000000017    1    7    0    0    0
    -0.000000000000002    1    8    0    0    0
    -0.000000000000007    1    9    0    0    0
     0.000000000000000    1    1    1    0    0
     0.000000000000000    1    1    0    1    0
     0.000000000000000    1    1    0    0    1
     0.000000000000000    1    2    1    0    0
     0.000000000000000    1    2    0    1    0
     0.000000000000000    1    2    0    0    1
     0.000000000000000    1    3    1    0    0
     0.000000000000000    1    3    0    1    0
     0.000000000000000    1    3    0    0    1
     0.000000000000000    1    4    1    0    0
     0.000000000000000    1    4    0    1    0
     0.000000000000000    1    4    0    0    1
     0.000000000000000    1    5    1    0    0
     0.000000000000000    1    5    0    1    0
     0.000000000000000    1    5    0    0    1
     0.000000000000000    1    6    1    0    0
     0.000000000000000    1    6    0    1    0
     0.000000000000000    1    6    0    0    1
    -0.000135088111525    1    1    2    0    0
     0.000000000000000    1    1    1    1    0
     0.000000000000000    1    1    1    0    1
    -0.002671970589657    1    1    0    2    0
     0.000000000000000    1    1    0    1    1
     0.002807058701182    1    1    0    0    2
    -0.042425325484226    1    2    2    0    0
     0.000000000000000    1    2    1    1    0
     0.000000000000000    1    2    1    0    1
    -0.839150245499446    1    2    0    2    0
     0.000000000000000    1    2    0    1    1
     0.881575570983662    1    2    0    0    2
    -0.003583436497444    1    3    2    0    0
     0.000000000000000    1    3    1    1    0
     0.000000000000000    1    3    1    0    1
    -0.070878457200748    1    3    0    2    0
     0.000000000000000    1    3    0    1    1
     0.074461893698188    1    3    0    0    2
          15 -3.081489477626273E-002
    -0.003130855613459    1    1    0    0    0
    -0.003674744457781    1    2    0    0    0
    -0.027691043641336    1    3    0    0    0
    -0.138570743834176    1    4    0    0    0
    -0.024478637491379    1    5    0    0    0
     0.959161370057001    1    6    0    0    0
    -1.638829807477650    1    7    0    0    0
    -0.493623531891848    1    8    0    0    0
     1.961551036328114    1    9    0    0    0
     0.000000000000000    1    1    1    0    0
     0.000000000000000    1    1    0    1    0
     0.000000000000000    1    1    0    0    1
     0.000000000000000    1    2    1    0    0
     0.000000000000000    1    2    0    1    0
     0.000000000000000    1    2    0    0    1
     0.000000000000000    1    3    1    0    0
     0.000000000000000    1    3    0    1    0
     0.000000000000000    1    3    0    0    1
     0.000000000000000    1    4    1    0    0
     0.000000000000000    1    4    0    1    0
     0.000000000000000    1    4    0    0    1
     0.000000000000000    1    5    1    0    0
     0.000000000000000    1    5    0    1    0
     0.000000000000000    1    5    0    0    1
     0.000000000000000    1    6    1    0    0
     0.000000000000000    1    6    0    1    0
     0.000000000000000    1    6    0    0    1
     0.004506933980371    1    1    2    0    0
     0.000000000000000    1    1    1    1    0
     0.000000000000000    1    1    1    0    1
     0.004506933980371    1    1    0    2    0
     0.000000000000000    1    1    0    1    1
     0.004506933980371    1    1    0    0    2
     0.184663714306814    1    2    2    0    0
     0.000000000000000    1    2    1    1    0
     0.000000000000000    1    2    1    0    1
     0.184663714306810    1    2    0    2    0
     0.000000000000000    1    2    0    1    1
     0.184663714306823    1    2    0    0    2
    -0.289107272524541    1    3    2    0    0
     0.000000000000000    1    3    1    1    0
     0.000000000000000    1    3    1    0    1
    -0.289107272524543    1    3    0    2    0
     0.000000000000000    1    3    0    1    1
    -0.289107272524540    1    3    0    0    2
          16 -3.032139523511170E-002
     0.000000000000000    1    1    0    0    0
     0.000000000000000    1    2    0    0    0
     0.000000000000000    1    3    0    0    0
     0.000000000000000    1    4    0    0    0
     0.000000000000000    1    5    0    0    0
     0.000000000000000    1    6    0    0    0
     0.000000000000000    1    7    0    0    0
     0.000000000000000    1    8    0    0    0
     0.000000000000000    1    9    0    0    0
     0.001280752109311    1    1    1    0    0
     0.000000000000000    1    1    0    1    0
     0.000000000000000    1    1    0    0    1
     0.009925067397864    1    2    1    0    0
     0.000000000000000    1    2    0    1    0
     0.000000000000000    1    2    0    0    1
     0.112216541838016    1    3    1    0    0
     0.000000000000000    1    3    0    1    0
     0.000000000000000    1    3    0    0    1
     0.492583960119260    1    4    1    0    0
     0.000000000000000    1    4    0    1    0
     0.000000000000000    1    4    0    0    1
    -1.212997763444096    1    5    1    0    0
     0.000000000000000    1    5    0    1    0
     0.000000000000000    1    5    0    0    1
     1.181235820653023    1    6    1    0    0
     0.000000000000000    1    6    0    1    0
     0.000000000000000    1    6    0    0    1
     0.000000000000000    1    1    2    0    0
     0.000000000000000    1    1    1    1    0
     0.000000000000000    1    1    1    0    1
     0.000000000000000    1    1    0    2    0
     0.000000000000000    1    1    0    1    1
     0.000000000000000    1    1    0    0    2
     0.000000000000000    1    2    2    0    0
     0.000000000000000    1    2    1    1    0
     0.000000000000000    1    2    1    0    1
     0.000000000000000    1    2    0    2    0
     0.000000000000000    1    2    0    1    1
     0.000000000000000    1    2    0    0    2
     0.000000000000000    1    3    2    0    0
     0.000000000000000    1    3    1    1    0
     0.000000000000000    1    3    1    0    1
     0.000000000000000    1    3    0    2    0
     0.000000000000000    1    3    0    1    1
     0.000000000000000    1    3    0    0    2
          17 -3.032139523511168E-002
     0.000000000000000    1    1    0    0    0
     0.000000000000000    1    2    0    0    0
     0.000000000000000    1    3    0    0    0
     0.000000000000000    1    4    0    0    0
     0.000000000000000    1    5    0    0    0
     0.000000000000000    1    6    0    0    0
     0.000000000000000    1    7    0    0    0
     0.000000000000000    1    8    0    0    0
     0.000000000000000    1    9    0    0    0
     0.000000000000000    1    1    1    0    0
     0.000000000000000    1    1    0    1    0
     0.001280752109311    1    1    0    0    1
     0.000000000000000    1    2    1    0    0
     0.000000000000000    1    2    0    1    0
     0.009925067397864    1    2    0    0    1
     0.000000000000000    1    3    1    0    0
     0.000000000000000    1    3    0    1    0
     0.112216541838016    1    3    0    0    1
     0.000000000000000    1    4    1    0    0
     0.000000000000000    1    4    0    1    0
     0.492583960119261    1    4    0    0    1
     0.000000000000000    1    5    1    0    0
     0.000000000000000    1    5    0    1    0
    -1.212997763444096    1    5    0    0    1
     0.000000000000000    1    6    1    0    0
     0.000000000000000    1    6    0    1    0
     1.181235820653023    1    6    0    0    1
     0.000000000000000    1    1    2    0    0
     0.000000000000000    1    1    1    1    0
     0.000000000000000    1    1    1    0    1
     0.000000000000000    1    1    0    2    0
     0.000000000000000    1    1    0    1    1
     0.000000000000000    1    1    0    0    2
     0.000000000000000    1    2    2    0    0
     0.000000000000000    1    2    1    1    0
     0.000000000000000    1    2    1    0    1
     0.000000000000000    1    2    0    2    0
     0.000000000000000    1    2    0    1    1
     0.000000000000000    1    2    0    0    2
     0.000000000000000    1    3    2    0    0
     0.000000000000000    1    3    1    1    0
     0.000000000000000    1    3    1    0    1
     0.000000000000000    1    3    0    2    0
     0.000000000000000    1    3    0    1    1
     0.000000000000000    1    3    0    0    2
          18 -3.032139523511168E-002
     0.000000000000000    1    1    0    0    0
     0.000000000000000    1    2    0    0    0
     0.000000000000000    1    3    0    0    0
     0.000000000000000    1    4    0    0    0
     0.000000000000000    1    5    0    0    0
     0.000000000000000    1    6    0    0    0
     0.000000000000000    1    7    0    0    0
     0.000000000000000    1    8    0    0    0
     0.000000000000000    1    9    0    0    0
     0.000000000000000    1    1    1    0    0
     0.001280752109311    1    1    0    1    0
     0.000000000000000    1    1    0    0    1
     0.000000000000000    1    2    1    0    0
     0.009925067397864    1    2    0    1    0
     0.000000000000000    1    2    0    0    1
     0.000000000000000    1    3    1    0    0
     0.112216541838016    1    3    0    1    0
     0.000000000000000    1    3    0    0    1
     0.000000000000000    1    4    1    0    0
     0.492583960119261    1    4    0    1    0
     0.000000000000000    1    4    0    0    1
     0.000000000000000    1    5    1    0    0
    -1.212997763444096    1    5    0    1    0
     0.000000000000000    1    5    0    0    1
     0.000000000000000    1    6    1    0    0
     1.181235820653023    1    6    0    1    0
     0.000000000000000    1    6    0    0    1
     0.000000000000000    1    1    2    0    0
     0.000000000000000    1    1    1    1    0
     0.000000000000000    1    1    1    0    1
     0.000000000000000    1    1    0    2    0
     0.000000000000000    1    1    0    1    1
     0.000000000000000    1    1    0    0    2
     0.000000000000000    1    2    2    0    0
     0.000000000000000    1    2    1    1    0
     0.000000000000000    1    2    1    0    1
     0.000000000000000    1    2    0    2    0
     0.000000000000000    1    2    0    1    1
     0.000000000000000    1    2    0    0    2
     0.000000000000000    1    3    2    0    0
     0.000000000000000    1    3    1    1    0
     0.000000000000000    1    3    1    0    1
     0.000000000000000    1    3    0    2    0
     0.000000000000000    1    3    0    1    1
     0.000000000000000    1    3    0    0    2
          19 -2.320835902880117E-002
     0.000000000000000    1    1    0    0    0
     0.000000000000000    1    2    0    0    0
     0.000000000000000    1    3    0    0    0
     0.000000000000000    1    4    0    0    0
     0.000000000000000    1    5    0    0    0
     0.000000000000000    1    6    0    0    0
     0.000000000000000    1    7    0    0    0
     0.000000000000000    1    8    0    0    0
     0.000000000000000    1    9    0    0    0
     0.000000000000000    1    1    1    0    0
     0.000000000000000    1    1    0    1    0
     0.000000000000000    1    1    0    0    1
     0.000000000000000    1    2    1    0    0
     0.000000000000000    1    2    0    1    0
     0.000000000000000    1    2    0    0    1
     0.000000000000000    1    3    1    0    0
     0.000000000000000    1    3    0    1    0
     0.000000000000000    1    3    0    0    1
     0.000000000000000    1    4    1    0    0
     0.000000000000000    1    4    0    1    0
     0.000000000000000    1    4    0    0    1
     0.000000000000000    1    5    1    0    0
     0.000000000000000    1    5    0    1    0
     0.000000000000000    1    5    0    0    1
     0.000000000000000    1    6    1    0    0
     0.000000000000000    1    6    0    1    0
     0.000000000000000    1    6    0    0    1
     0.000000000000000    1    1    2    0    0
     0.000000000000000    1    1    1    1    0
     0.000000000000000    1    1    1    0    1
     0.000000000000000    1    1    0    2    0
    -0.000349412039188    1    1    0    1    1
     0.000000000000000    1    1    0    0    2
     0.000000000000000    1    2    2    0    0
     0.000000000000000    1    2    1    1    0
     0.000000000000000    1    2    1    0    1
     0.000000000000000    1    2    0    2    0
    -0.107934954740996    1    2    0    1    1
     0.000000000000000    1    2    0    0    2
     0.000000000000000    1    3    2    0    0
     0.000000000000000    1    3    1    1    0
     0.000000000000000    1    3    1    0    1
     0.000000000000000    1    3    0    2    0
     0.996757230730477    1    3    0    1    1
     0.000000000000000    1    3    0    0    2
          20 -2.320835902880117E-002
    -0.000000000000000    1    1    0    0    0
    -0.000000000000000    1    2    0    0    0
    -0.000000000000000    1    3    0    0    0
    -0.000000000000001    1    4    0    0    0
     0.000000000000000    1    5    0    0    0
     0.000000000000006    1    6    0    0    0
    -0.000000000000016    1    7    0    0    0
     0.000000000000009    1    8    0    0    0
     0.000000000000002    1    9    0    0    0
     0.000000000000000    1    1    1    0    0
     0.000000000000000    1    1    0    1    0
     0.000000000000000    1    1    0    0    1
     0.000000000000000    1    2    1    0    0
     0.000000000000000    1    2    0    1    0
     0.000000000000000    1    2    0    0    1
     0.000000000000000    1    3    1    0    0
     0.000000000000000    1    3    0    1    0
     0.000000000000000    1    3    0    0    1
     0.000000000000000    1    4    1    0    0
     0.000000000000000    1    4    0    1    0
     0.000000000000000    1    4    0    0    1
     0.000000000000000    1    5    1    0    0
     0.000000000000000    1    5    0    1    0
     0.000000000000000    1    5    0    0    1
     0.000000000000000    1    6    1    0    0
     0.000000000000000    1    6    0    1    0
     0.000000000000000    1    6    0    0    1
     0.000241155747137    1    1    2    0    0
     0.000000000000000    1    1    1    1    0
     0.000000000000000    1    1    1    0    1
    -0.000339551636984    1    1    0    2    0
     0.000000000000000    1    1    0    1    1
     0.000098395889848    1    1    0    0    2
     0.074494097894280    1    2    2    0    0
     0.000000000000000    1    2    1    1    0
     0.000000000000000    1    2    1    0    1
    -0.104889032030086    1    2    0    2    0
     0.000000000000000    1    2    0    1    1
     0.030394934135810    1    2    0    0    2
    -0.687937757522996    1    3    2    0    0
     0.000000000000000    1    3    1    1    0
     0.000000000000000    1    3    1    0    1
     0.968628757488144    1    3    0    2    0
     0.000000000000000    1    3    0    1    1
    -0.280690999965156    1    3    0    0    2
          21 -2.320835902880117E-002
     0.000000000000000    1    1    0    0    0
     0.000000000000000    1    2    0    0    0
     0.000000000000000    1    3    0    0    0
     0.000000000000000    1    4    0    0    0
     0.000000000000000    1    5    0    0    0
     0.000000000000000    1    6    0    0    0
     0.000000000000000    1    7    0    0    0
     0.000000000000000    1    8    0    0    0
     0.000000000000000    1    9    0    0    0
     0.000000000000000    1    1    1    0    0
     0.000000000000000    1    1    0    1    0
     0.000000000000000    1    1    0    0    1
     0.000000000000000    1    2    1    0    0
     0.000000000000000    1    2    0    1    0
     0.000000000000000    1    2    0    0    1
     0.000000000000000    1    3    1    0    0
     0.000000000000000    1    3    0    1    0
     0.000000000000000    1    3    0    0    1
     0.000000000000000    1    4    1    0    0
     0.000000000000000    1    4    0    1    0
     0.000000000000000    1    4    0    0    1
     0.000000000000000    1    5    1    0    0
     0.000000000000000    1    5    0    1    0
     0.000000000000000    1    5    0    0    1
     0.000000000000000    1    6    1    0    0
     0.000000000000000    1    6    0    1    0
     0.000000000000000    1    6    0    0    1
     0.000000000000000    1    1    2    0    0
     0.000000000000000    1    1    1    1    0
    -0.000349412039188    1    1    1    0    1
     0.000000000000000    1    1    0    2    0
     0.000000000000000    1    1    0    1    1
     0.000000000000000    1    1    0    0    2
     0.000000000000000    1    2    2    0    0
     0.000000000000000    1    2    1    1    0
    -0.107934954740996    1    2    1    0    1
     0.000000000000000    1    2    0    2    0
     0.000000000000000    1    2    0    1    1
     0.000000000000000    1    2    0    0    2
     0.000000000000000    1    3    2    0    0
     0.000000000000000    1    3    1    1    0
     0.996757230730477    1    3    1    0    1
     0.000000000000000    1    3    0    2    0
     0.000000000000000    1    3    0    1    1
     0.000000000000000    1    3    0    0    2
          22 -2.320835902880117E-002
     0.000000000000000    1    1    0    0    0
     0.000000000000000    1    2    0    0    0
     0.000000000000000    1    3    0    0    0
     0.000000000000000    1    4    0    0    0
     0.000000000000000    1    5    0    0    0
     0.000000000000000    1    6    0    0    0
     0.000000000000000    1    7    0    0    0
     0.000000000000000    1    8    0    0    0
     0.000000000000000    1    9    0    0    0
     0.000000000000000    1    1    1    0    0
     0.000000000000000    1    1    0    1    0
     0.000000000000000    1    1    0    0    1
     0.000000000000000    1    2    1    0    0
     0.000000000000000    1    2    0    1    0
     0.000000000000000    1    2    0    0    1
     0.000000000000000    1    3    1    0    0
     0.000000000000000    1    3    0    1    0
     0.000000000000000    1    3    0    0    1
     0.000000000000000    1    4    1    0    0
     0.000000000000000    1    4    0    1    0
     0.000000000000000    1    4    0    0    1
     0.000000000000000    1    5    1    0    0
     0.000000000000000    1    5    0    1    0
     0.000000000000000    1    5    0    0    1
     0.000000000000000    1    6    1    0    0
     0.000000000000000    1    6    0    1    0
     0.000000000000000    1    6    0    0    1
     0.000000000000000    1    1    2    0    0
    -0.000349412039188    1    1    1    1    0
     0.000000000000000    1    1    1    0    1
     0.000000000000000    1    1    0    2    0
     0.000000000000000    1    1    0    1    1
     0.000000000000000    1    1    0    0    2
     0.000000000000000    1    2    2    0    0
    -0.107934954740996    1    2    1    1    0
     0.000000000000000    1    2    1    0    1
     0.000000000000000    1    2    0    2    0
     0.000000000000000    1    2    0    1    1
     0.000000000000000    1    2    0    0    2
     0.000000000000000    1    3    2    0    0
     0.996757230730477    1    3    1    1    0
     0.000000000000000    1    3    1    0    1
     0.000000000000000    1    3    0    2    0
     0.000000000000000    1    3    0    1    1
     0.000000000000000    1    3    0    0    2
          23 -2.320835902880114E-002
    -0.000000000000000    1    1    0    0    0
    -0.000000000000000    1    2    0    0    0
    -0.000000000000000    1    3    0    0    0
    -0.000000000000000    1    4    0    0    0
    -0.000000000000000    1    5    0    0    0
     0.000000000000004    1    6    0    0    0
    -0.000000000000008    1    7    0    0    0
     0.000000000000005    1    8    0    0    0
    -0.000000000000000    1    9    0    0    0
     0.000000000000000    1    1    1    0    0
     0.000000000000000    1    1    0    1    0
     0.000000000000000    1    1    0    0    1
     0.000000000000000    1    2    1    0    0
     0.000000000000000    1    2    0    1    0
     0.000000000000000    1    2    0    0    1
     0.000000000000000    1    3    1    0    0
     0.000000000000000    1    3    0    1    0
     0.000000000000000    1    3    0    0    1
     0.000000000000000    1    4    1    0    0
     0.000000000000000    1    4    0    1    0
     0.000000000000000    1    4    0    0    1
     0.000000000000000    1    5    1    0    0
     0.000000000000000    1    5    0    1    0
     0.000000000000000    1    5    0    0    1
     0.000000000000000    1    6    1    0    0
     0.000000000000000    1    6    0    1    0
     0.000000000000000    1    6    0    0    1
     0.000252849122507    1    1    2    0    0
     0.000000000000000    1    1    1    1    0
     0.000000000000000    1    1    1    0    1
     0.000082422442035    1    1    0    2    0
     0.000000000000000    1    1    0    1    1
    -0.000335271564543    1    1    0    0    2
     0.078106234282920    1    2    2    0    0
     0.000000000000000    1    2    1    1    0
     0.000000000000000    1    2    1    0    1
     0.025460664066991    1    2    0    2    0
     0.000000000000000    1    2    0    1    1
    -0.103566898349909    1    2    0    0    2
    -0.721295098269582    1    3    2    0    0
     0.000000000000000    1    3    1    1    0
     0.000000000000000    1    3    1    0    1
    -0.235124025102623    1    3    0    2    0
     0.000000000000000    1    3    0    1    1
     0.956419123372200    1    3    0    0    2
          24 -1.947462655719923E-002
     0.002466030514214    1    1    0    0    0
     0.002378792107772    1    2    0    0    0
     0.020590471315802    1    3    0    0    0
     0.115111972914148    1    4    0    0    0
    -0.007855044348938    1    5    0    0    0
    -0.904615870013632    1    6    0    0    0
     2.200595915882231    1    7    0    0    0
    -1.167571740804341    1    8    0    0    0
    -0.431220760894152    1    9    0    0    0
     0.000000000000000    1    1    1    0    0
     0.000000000000000    1    1    0    1    0
     0.000000000000000    1    1    0    0    1
     0.000000000000000    1    2    1    0    0
     0.000000000000000    1    2    0    1    0
     0.000000000000000    1    2    0    0    1
     0.000000000000000    1    3    1    0    0
     0.000000000000000    1    3    0    1    0
     0.000000000000000    1    3    0    0    1
     0.000000000000000    1    4    1    0    0
     0.000000000000000    1    4    0    1    0
     0.000000000000000    1    4    0    0    1
     0.000000000000000    1    5    1    0    0
     0.000000000000000    1    5    0    1    0
     0.000000000000000    1    5    0    0    1
     0.000000000000000    1    6    1    0    0
     0.000000000000000    1    6    0    1    0
     0.000000000000000    1    6    0    0    1
    -0.004254006455345    1    1    2    0    0
     0.000000000000000    1    1    1    1    0
     0.000000000000000    1    1    1    0    1
    -0.004254006455345    1    1    0    2    0
     0.000000000000000    1    1    0    1    1
    -0.004254006455345    1    1    0    0    2
    -0.199737274837989    1    2    2    0    0
     0.000000000000000    1    2    1    1    0
     0.000000000000000    1    2    1    0    1
    -0.199737274838002    1    2    0    2    0
     0.000000000000000    1    2    0    1    1
    -0.199737274837996    1    2    0    0    2
     0.571299863135293    1    3    2    0    0
     0.000000000000000    1    3    1    1    0
     0.000000000000000    1    3    1    0    1
     0.571299863135303    1    3    0    2    0
     0.000000000000000    1    3    0    1    1
     0.571299863135300    1    3    0    0    2
          25 -1.213566958307618E-002
     0.003488089500086    1    1    0    0    0
     0.002722321821584    1    2    0    0    0
     0.027577913215664    1    3    0    0    0
     0.169903864734296    1    4    0    0    0
    -0.046462122871381    1    5    0    0    0
    -1.452016485508489    1    6    0    0    0
     4.389164619960312    1    7    0    0    0
    -6.144792532536937    1    8    0    0    0
     5.934976605748809    1    9    0    0    0
     0.000000000000000    1    1    1    0    0
     0.000000000000000    1    1    0    1    0
     0.000000000000000    1    1    0    0    1
     0.000000000000000    1    2    1    0    0
     0.000000000000000    1    2    0    1    0
     0.000000000000000    1    2    0    0    1
     0.000000000000000    1    3    1    0    0
     0.000000000000000    1    3    0    1    0
     0.000000000000000    1    3    0    0    1
     0.000000000000000    1    4    1    0    0
     0.000000000000000    1    4    0    1    0
     0.000000000000000    1    4    0    0    1
     0.000000000000000    1    5    1    0    0
     0.000000000000000    1    5    0    1    0
     0.000000000000000    1    5    0    0    1
     0.000000000000000    1    6    1    0    0
     0.000000000000000    1    6    0    1    0
     0.000000000000000    1    6    0    0    1
    -0.006891764824797    1    1    2    0    0
     0.000000000000000    1    1    1    1    0
     0.000000000000000    1    1    1    0    1
    -0.006891764824797    1    1    0    2    0
     0.000000000000000    1    1    0    1    1
    -0.006891764824797    1    1    0    0    2
    -0.351639325032497    1    2    2    0    0
     0.000000000000000    1    2    1    1    0
     0.000000000000000    1    2    1    0    1
    -0.351639325032497    1    2    0    2    0
     0.000000000000000    1    2    0    1    1
    -0.351639325032499    1    2    0    0    2
    -1.420315022728422    1    3    2    0    0
     0.000000000000000    1    3    1    1    0
     0.000000000000000    1    3    1    0    1
    -1.420315022728421    1    3    0    2    0
     0.000000000000000    1    3    0    1    1
    -1.420315022728421    1    3    0    0    2
          26  5.886241960924934E-002
     0.005710424137149    1    1    0    0    0
     0.035488429916609    1    2    0    0    0
     0.124238018698536    1    3    0    0    0
     0.004411851674311    1    4    0    0    0
     1.911294144842610    1    5    0    0    0
    -2.222312385126568    1    6    0    0    0
    -6.004082312044980    1    7    0    0    0
     3.271922815165713    1    8    0    0    0
    -2.099502756198036    1    9    0    0    0
     0.000000000000000    1    1    1    0    0
     0.000000000000000    1    1    0    1    0
     0.000000000000000    1    1    0    0    1
     0.000000000000000    1    2    1    0    0
     0.000000000000000    1    2    0    1    0
     0.000000000000000    1    2    0    0    1
     0.000000000000000    1    3    1    0    0
     0.000000000000000    1    3    0    1    0
     0.000000000000000    1    3    0    0    1
     0.000000000000000    1    4    1    0    0
     0.000000000000000    1    4    0    1    0
     0.000000000000000    1    4    0    0    1
     0.000000000000000    1    5    1    0    0
     0.000000000000000    1    5    0    1    0
     0.000000000000000    1    5    0    0    1
     0.000000000000000    1    6    1    0    0
     0.000000000000000    1    6    0    1    0
     0.000000000000000    1    6    0    0    1
     0.030455698765269    1    1    2    0    0
     0.000000000000000    1    1    1    1    0
     0.000000000000000    1    1    1    0    1
     0.030455698765269    1    1    0    2    0
     0.000000000000000    1    1    0    1    1
     0.030455698765269    1    1    0    0    2
     2.500284758642469    1    2    2    0    0
     0.000000000000000    1    2    1    1    0
     0.000000000000000    1    2    1    0    1
     2.500284758642465    1    2    0    2    0
     0.000000000000000    1    2    0    1    1
     2.500284758642467    1    2    0    0    2
     0.409835920481834    1    3    2    0    0
     0.000000000000000    1    3    1    1    0
     0.000000000000000    1    3    1    0    1
     0.409835920481834    1    3    0    2    0
     0.000000000000000    1    3    0    1    1
     0.409835920481833    1    3    0    0    2
          27  0.173992537661388     
     0.000000000000000    1    1    0    0    0
     0.000000000000000    1    2    0    0    0
     0.000000000000000    1    3    0    0    0
     0.000000000000000    1    4    0    0    0
     0.000000000000000    1    5    0    0    0
     0.000000000000000    1    6    0    0    0
     0.000000000000000    1    7    0    0    0
     0.000000000000000    1    8    0    0    0
     0.000000000000000    1    9    0    0    0
     0.015994317206055    1    1    1    0    0
     0.000000000000000    1    1    0    1    0
     0.000000000000000    1    1    0    0    1
    -0.011935239249082    1    2    1    0    0
     0.000000000000000    1    2    0    1    0
     0.000000000000000    1    2    0    0    1
     1.249711918674737    1    3    1    0    0
     0.000000000000000    1    3    0    1    0
     0.000000000000000    1    3    0    0    1
    -1.217011780174409    1    4    1    0    0
     0.000000000000000    1    4    0    1    0
     0.000000000000000    1    4    0    0    1
     0.613057572564869    1    5    1    0    0
     0.000000000000000    1    5    0    1    0
     0.000000000000000    1    5    0    0    1
    -0.207493242340034    1    6    1    0    0
     0.000000000000000    1    6    0    1    0
     0.000000000000000    1    6    0    0    1
     0.000000000000000    1    1    2    0    0
     0.000000000000000    1    1    1    1    0
     0.000000000000000    1    1    1    0    1
     0.000000000000000    1    1    0    2    0
     0.000000000000000    1    1    0    1    1
     0.000000000000000    1    1    0    0    2
     0.000000000000000    1    2    2    0    0
     0.000000000000000    1    2    1    1    0
     0.000000000000000    1    2    1    0    1
     0.000000000000000    1    2    0    2    0
     0.000000000000000    1    2    0    1    1
     0.000000000000000    1    2    0    0    2
     0.000000000000000    1    3    2    0    0
     0.000000000000000    1    3    1    1    0
     0.000000000000000    1    3    1    0    1
     0.000000000000000    1    3    0    2    0
     0.000000000000000    1    3    0    1    1
     0.000000000000000    1    3    0    0    2
          28  0.173992537661388     
     0.000000000000000    1    1    0    0    0
     0.000000000000000    1    2    0    0    0
     0.000000000000000    1    3    0    0    0
     0.000000000000000    1    4    0    0    0
     0.000000000000000    1    5    0    0    0
     0.000000000000000    1    6    0    0    0
     0.000000000000000    1    7    0    0    0
     0.000000000000000    1    8    0    0    0
     0.000000000000000    1    9    0    0    0
     0.000000000000000    1    1    1    0    0
     0.015994317206055    1    1    0    1    0
     0.000000000000000    1    1    0    0    1
     0.000000000000000    1    2    1    0    0
    -0.011935239249082    1    2    0    1    0
     0.000000000000000    1    2    0    0    1
     0.000000000000000    1    3    1    0    0
     1.249711918674737    1    3    0    1    0
     0.000000000000000    1    3    0    0    1
     0.000000000000000    1    4    1    0    0
    -1.217011780174409    1    4    0    1    0
     0.000000000000000    1    4    0    0    1
     0.000000000000000    1    5    1    0    0
     0.613057572564869    1    5    0    1    0
     0.000000000000000    1    5    0    0    1
     0.000000000000000    1    6    1    0    0
    -0.207493242340034    1    6    0    1    0
     0.000000000000000    1    6    0    0    1
     0.000000000000000    1    1    2    0    0
     0.000000000000000    1    1    1    1    0
     0.000000000000000    1    1    1    0    1
     0.000000000000000    1    1    0    2    0
     0.000000000000000    1    1    0    1    1
     0.000000000000000    1    1    0    0    2
     0.000000000000000    1    2    2    0    0
     0.000000000000000    1    2    1    1    0
     0.000000000000000    1    2    1    0    1
     0.000000000000000    1    2    0    2    0
     0.000000000000000    1    2    0    1    1
     0.000000000000000    1    2    0    0    2
     0.000000000000000    1    3    2    0    0
     0.000000000000000    1    3    1    1    0
     0.000000000000000    1    3    1    0    1
     0.000000000000000    1    3    0    2    0
     0.000000000000000    1    3    0    1    1
     0.000000000000000    1    3    0    0    2
          29  0.173992537661388     
     0.000000000000000    1    1    0    0    0
     0.000000000000000    1    2    0    0    0
     0.000000000000000    1    3    0    0    0
     0.000000000000000    1    4    0    0    0
     0.000000000000000    1    5    0    0    0
     0.000000000000000    1    6    0    0    0
     0.000000000000000    1    7    0    0    0
     0.000000000000000    1    8    0    0    0
     0.000000000000000    1    9    0    0    0
     0.000000000000000    1    1    1    0    0
     0.000000000000000    1    1    0    1    0
     0.015994317206055    1    1    0    0    1
     0.000000000000000    1    2    1    0    0
     0.000000000000000    1    2    0    1    0
    -0.011935239249082    1    2    0    0    1
     0.000000000000000    1    3    1    0    0
     0.000000000000000    1    3    0    1    0
     1.249711918674737    1    3    0    0    1
     0.000000000000000    1    4    1    0    0
     0.000000000000000    1    4    0    1    0
    -1.217011780174409    1    4    0    0    1
     0.000000000000000    1    5    1    0    0
     0.000000000000000    1    5    0    1    0
     0.613057572564870    1    5    0    0    1
     0.000000000000000    1    6    1    0    0
     0.000000000000000    1    6    0    1    0
    -0.207493242340034    1    6    0    0    1
     0.000000000000000    1    1    2    0    0
     0.000000000000000    1    1    1    1    0
     0.000000000000000    1    1    1    0    1
     0.000000000000000    1    1    0    2    0
     0.000000000000000    1    1    0    1    1
     0.000000000000000    1    1    0    0    2
     0.000000000000000    1    2    2    0    0
     0.000000000000000    1    2    1    1    0
     0.000000000000000    1    2    1    0    1
     0.000000000000000    1    2    0    2    0
     0.000000000000000    1    2    0    1    1
     0.000000000000000    1    2    0    0    2
     0.000000000000000    1    3    2    0    0
     0.000000000000000    1    3    1    1    0
     0.000000000000000    1    3    1    0    1
     0.000000000000000    1    3    0    2    0
     0.000000000000000    1    3    0    1    1
     0.000000000000000    1    3    0    0    2
          30  0.332042934300368     
     0.027303266134619    1    1    0    0    0
    -0.058054985691752    1    2    0    0    0
     0.005718736033266    1    3    0    0    0
     2.625407449028219    1    4    0    0    0
    -6.470534137718244    1    5    0    0    0
     6.004354881196246    1    6    0    0    0
     3.251756307726575    1    7    0    0    0
    -1.472770471944193    1    8    0    0    0
     0.905036870939308    1    9    0    0    0
     0.000000000000000    1    1    1    0    0
     0.000000000000000    1    1    0    1    0
     0.000000000000000    1    1    0    0    1
     0.000000000000000    1    2    1    0    0
     0.000000000000000    1    2    0    1    0
     0.000000000000000    1    2    0    0    1
     0.000000000000000    1    3    1    0    0
     0.000000000000000    1    3    0    1    0
     0.000000000000000    1    3    0    0    1
     0.000000000000000    1    4    1    0    0
     0.000000000000000    1    4    0    1    0
     0.000000000000000    1    4    0    0    1
     0.000000000000000    1    5    1    0    0
     0.000000000000000    1    5    0    1    0
     0.000000000000000    1    5    0    0    1
     0.000000000000000    1    6    1    0    0
     0.000000000000000    1    6    0    1    0
     0.000000000000000    1    6    0    0    1
    -0.169869077314825    1    1    2    0    0
     0.000000000000000    1    1    1    1    0
     0.000000000000000    1    1    1    0    1
    -0.169869077314824    1    1    0    2    0
     0.000000000000000    1    1    0    1    1
    -0.169869077314824    1    1    0    0    2
    -2.343163931131016    1    2    2    0    0
     0.000000000000000    1    2    1    1    0
     0.000000000000000    1    2    1    0    1
    -2.343163931131017    1    2    0    2    0
     0.000000000000000    1    2    0    1    1
    -2.343163931131017    1    2    0    0    2
    -0.174862603713537    1    3    2    0    0
     0.000000000000000    1    3    1    1    0
     0.000000000000000    1    3    1    0    1
    -0.174862603713538    1    3    0    2    0
     0.000000000000000    1    3    0    1    1
    -0.174862603713537    1    3    0    0    2
          31   1.32251687597178     
     0.019052303755455    1    1    0    0    0
    -0.472678046021246    1    2    0    0    0
    -1.647375658004042    1    3    0    0    0
     5.674356430383048    1    4    0    0    0
    -5.146228963454303    1    5    0    0    0
     3.646670964959586    1    6    0    0    0
     1.537747143907283    1    7    0    0    0
    -0.692489071046226    1    8    0    0    0
     0.426303022596027    1    9    0    0    0
     0.000000000000000    1    1    1    0    0
     0.000000000000000    1    1    0    1    0
     0.000000000000000    1    1    0    0    1
     0.000000000000000    1    2    1    0    0
     0.000000000000000    1    2    0    1    0
     0.000000000000000    1    2    0    0    1
     0.000000000000000    1    3    1    0    0
     0.000000000000000    1    3    0    1    0
     0.000000000000000    1    3    0    0    1
     0.000000000000000    1    4    1    0    0
     0.000000000000000    1    4    0    1    0
     0.000000000000000    1    4    0    0    1
     0.000000000000000    1    5    1    0    0
     0.000000000000000    1    5    0    1    0
     0.000000000000000    1    5    0    0    1
     0.000000000000000    1    6    1    0    0
     0.000000000000000    1    6    0    1    0
     0.000000000000000    1    6    0    0    1
    -0.796484175139584    1    1    2    0    0
     0.000000000000000    1    1    1    1    0
     0.000000000000000    1    1    1    0    1
    -0.796484175139584    1    1    0    2    0
     0.000000000000000    1    1    0    1    1
    -0.796484175139582    1    1    0    0    2
    -1.221246076012949    1    2    2    0    0
     0.000000000000000    1    2    1    1    0
     0.000000000000000    1    2    1    0    1
    -1.221246076012949    1    2    0    2    0
     0.000000000000000    1    2    0    1    1
    -1.221246076012951    1    2    0    0    2
    -0.082433417251247    1    3    2    0    0
     0.000000000000000    1    3    1    1    0
     0.000000000000000    1    3    1    0    1
    -0.082433417251248    1    3    0    2    0
     0.000000000000000    1    3    0    1    1
    -0.082433417251247    1    3    0    0    2
          32   1.50532480001347     
     0.000000000000000    1    1    0    0    0
     0.000000000000000    1    2    0    0    0
     0.000000000000000    1    3    0    0    0
     0.000000000000000    1    4    0    0    0
     0.000000000000000    1    5    0    0    0
     0.000000000000000    1    6    0    0    0
     0.000000000000000    1    7    0    0    0
     0.000000000000000    1    8    0    0    0
     0.000000000000000    1    9    0    0    0
    -0.073506866882360    1    1    1    0    0
     0.000000000000000    1    1    0    1    0
     0.000000000000000    1    1    0    0    1
     1.329692882050002    1    2    1    0    0
     0.000000000000000    1    2    0    1    0
     0.000000000000000    1    2    0    0    1
    -1.001285984939664    1    3    1    0    0
     0.000000000000000    1    3    0    1    0
     0.000000000000000    1    3    0    0    1
     0.450540576965711    1    4    1    0    0
     0.000000000000000    1    4    0    1    0
     0.000000000000000    1    4    0    0    1
    -0.180197629669218    1    5    1    0    0
     0.000000000000000    1    5    0    1    0
     0.000000000000000    1    5    0    0    1
     0.057357394741845    1    6    1    0    0
     0.000000000000000    1    6    0    1    0
     0.000000000000000    1    6    0    0    1
     0.000000000000000    1    1    2    0    0
     0.000000000000000    1    1    1    1    0
     0.000000000000000    1    1    1    0    1
     0.000000000000000    1    1    0    2    0
     0.000000000000000    1    1    0    1    1
     0.000000000000000    1    1    0    0    2
     0.000000000000000    1    2    2    0    0
     0.000000000000000    1    2    1    1    0
     0.000000000000000    1    2    1    0    1
     0.000000000000000    1    2    0    2    0
     0.000000000000000    1    2    0    1    1
     0.000000000000000    1    2    0    0    2
     0.000000000000000    1    3    2    0    0
     0.000000000000000    1    3    1    1    0
     0.000000000000000    1    3    1    0    1
     0.000000000000000    1    3    0    2    0
     0.000000000000000    1    3    0    1    1
     0.000000000000000    1    3    0    0    2
          33   1.50532480001347     
     0.000000000000000    1    1    0    0    0
     0.000000000000000    1    2    0    0    0
     0.000000000000000    1    3    0    0    0
     0.000000000000000    1    4    0    0    0
     0.000000000000000    1    5    0    0    0
     0.000000000000000    1    6    0    0    0
     0.000000000000000    1    7    0    0    0
     0.000000000000000    1    8    0    0    0
     0.000000000000000    1    9    0    0    0
     0.000000000000000    1    1    1    0    0
     0.000000000000000    1    1    0    1    0
    -0.073506866882360    1    1    0    0    1
     0.000000000000000    1    2    1    0    0
     0.000000000000000    1    2    0    1    0
     1.329692882050002    1    2    0    0    1
     0.000000000000000    1    3    1    0    0
     0.000000000000000    1    3    0    1    0
    -1.001285984939664    1    3    0    0    1
     0.000000000000000    1    4    1    0    0
     0.000000000000000    1    4    0    1    0
     0.450540576965711    1    4    0    0    1
     0.000000000000000    1    5    1    0    0
     0.000000000000000    1    5    0    1    0
    -0.180197629669218    1    5    0    0    1
     0.000000000000000    1    6    1    0    0
     0.000000000000000    1    6    0    1    0
     0.057357394741845    1    6    0    0    1
     0.000000000000000    1    1    2    0    0
     0.000000000000000    1    1    1    1    0
     0.000000000000000    1    1    1    0    1
     0.000000000000000    1    1    0    2    0
     0.000000000000000    1    1    0    1    1
     0.000000000000000    1    1    0    0    2
     0.000000000000000    1    2    2    0    0
     0.000000000000000    1    2    1    1    0
     0.000000000000000    1    2    1    0    1
     0.000000000000000    1    2    0    2    0
     0.000000000000000    1    2    0    1    1
     0.000000000000000    1    2    0    0    2
     0.000000000000000    1    3    2    0    0
     0.000000000000000    1    3    1    1    0
     0.000000000000000    1    3    1    0    1
     0.000000000000000    1    3    0    2    0
     0.000000000000000    1    3    0    1    1
     0.000000000000000    1    3    0    0    2
          34   1.50532480001347     
     0.000000000000000    1    1    0    0    0
     0.000000000000000    1    2    0    0    0
     0.000000000000000    1    3    0    0    0
     0.000000000000000    1    4    0    0    0
     0.000000000000000    1    5    0    0    0
     0.000000000000000    1    6    0    0    0
     0.000000000000000    1    7    0    0    0
     0.000000000000000    1    8    0    0    0
     0.000000000000000    1    9    0    0    0
     0.000000000000000    1    1    1    0    0
    -0.073506866882360    1    1    0    1    0
     0.000000000000000    1    1    0    0    1
     0.000000000000000    1    2    1    0    0
     1.329692882050002    1    2    0    1    0
     0.000000000000000    1    2    0    0    1
     0.000000000000000    1    3    1    0    0
    -1.001285984939664    1    3    0    1    0
     0.000000000000000    1    3    0    0    1
     0.000000000000000    1    4    1    0    0
     0.450540576965711    1    4    0    1    0
     0.000000000000000    1    4    0    0    1
     0.000000000000000    1    5    1    0    0
    -0.180197629669218    1    5    0    1    0
     0.000000000000000    1    5    0    0    1
     0.000000000000000    1    6    1    0    0
     0.057357394741845    1    6    0    1    0
     0.000000000000000    1    6    0    0    1
     0.000000000000000    1    1    2    0    0
     0.000000000000000    1    1    1    1    0
     0.000000000000000    1    1    1    0    1
     0.000000000000000    1    1    0    2    0
     0.000000000000000    1    1    0    1    1
     0.000000000000000    1    1    0    0    2
     0.000000000000000    1    2    2    0    0
     0.000000000000000    1    2    1    1    0
     0.000000000000000    1    2    1    0    1
     0.000000000000000    1    2    0    2    0
     0.000000000000000    1    2    0    1    1
     0.000000000000000    1    2    0    0    2
     0.000000000000000    1    3    2    0    0
     0.000000000000000    1    3    1    1    0
     0.000000000000000    1    3    1    0    1
     0.000000000000000    1    3    0    2    0
     0.000000000000000    1    3    0    1    1
     0.000000000000000    1    3    0    0    2
          35   2.65092150542781     
     0.000000000000000    1    1    0    0    0
     0.000000000000000    1    2    0    0    0
     0.000000000000000    1    3    0    0    0
     0.000000000000000    1    4    0    0    0
     0.000000000000000    1    5    0    0    0
     0.000000000000000    1    6    0    0    0
     0.000000000000000    1    7    0    0    0
     0.000000000000000    1    8    0    0    0
     0.000000000000000    1    9    0    0    0
     0.000000000000000    1    1    1    0    0
     0.000000000000000    1    1    0    1    0
     0.000000000000000    1    1    0    0    1
     0.000000000000000    1    2    1    0    0
     0.000000000000000    1    2    0    1    0
     0.000000000000000    1    2    0    0    1
     0.000000000000000    1    3    1    0    0
     0.000000000000000    1    3    0    1    0
     0.000000000000000    1    3    0    0    1
     0.000000000000000    1    4    1    0    0
     0.000000000000000    1    4    0    1    0
     0.000000000000000    1    4    0    0    1
     0.000000000000000    1    5    1    0    0
     0.000000000000000    1    5    0    1    0
     0.000000000000000    1    5    0    0    1
     0.000000000000000    1    6    1    0    0
     0.000000000000000    1    6    0    1    0
     0.000000000000000    1    6    0    0    1
     0.000000000000000    1    1    2    0    0
     1.000284609858838    1    1    1    1    0
     0.000000000000000    1    1    1    0    1
     0.000000000000000    1    1    0    2    0
     0.000000000000000    1    1    0    1    1
     0.000000000000000    1    1    0    0    2
     0.000000000000000    1    2    2    0    0
    -0.027263901378031    1    2    1    1    0
     0.000000000000000    1    2    1    0    1
     0.000000000000000    1    2    0    2    0
     0.000000000000000    1    2    0    1    1
     0.000000000000000    1    2    0    0    2
     0.000000000000000    1    3    2    0    0
     0.000598227829255    1    3    1    1    0
     0.000000000000000    1    3    1    0    1
     0.000000000000000    1    3    0    2    0
     0.000000000000000    1    3    0    1    1
     0.000000000000000    1    3    0    0    2
          36   2.65092150542781     
     0.000000000000000    1    1    0    0    0
     0.000000000000000    1    2    0    0    0
     0.000000000000000    1    3    0    0    0
     0.000000000000000    1    4    0    0    0
     0.000000000000000    1    5    0    0    0
     0.000000000000000    1    6    0    0    0
     0.000000000000000    1    7    0    0    0
     0.000000000000000    1    8    0    0    0
     0.000000000000000    1    9    0    0    0
     0.000000000000000    1    1    1    0    0
     0.000000000000000    1    1    0    1    0
     0.000000000000000    1    1    0    0    1
     0.000000000000000    1    2    1    0    0
     0.000000000000000    1    2    0    1    0
     0.000000000000000    1    2    0    0    1
     0.000000000000000    1    3    1    0    0
     0.000000000000000    1    3    0    1    0
     0.000000000000000    1    3    0    0    1
     0.000000000000000    1    4    1    0    0
     0.000000000000000    1    4    0    1    0
     0.000000000000000    1    4    0    0    1
     0.000000000000000    1    5    1    0    0
     0.000000000000000    1    5    0    1    0
     0.000000000000000    1    5    0    0    1
     0.000000000000000    1    6    1    0    0
     0.000000000000000    1    6    0    1    0
     0.000000000000000    1    6    0    0    1
     0.000000000000000    1    1    2    0    0
     0.000000000000000    1    1    1    1    0
     1.000284609858838    1    1    1    0    1
     0.000000000000000    1    1    0    2    0
     0.000000000000000    1    1    0    1    1
     0.000000000000000    1    1    0    0    2
     0.000000000000000    1    2    2    0    0
     0.000000000000000    1    2    1    1    0
    -0.027263901378031    1    2    1    0    1
     0.000000000000000    1    2    0    2    0
     0.000000000000000    1    2    0    1    1
     0.000000000000000    1    2    0    0    2
     0.000000000000000    1    3    2    0    0
     0.000000000000000    1    3    1    1    0
     0.000598227829255    1    3    1    0    1
     0.000000000000000    1    3    0    2    0
     0.000000000000000    1    3    0    1    1
     0.000000000000000    1    3    0    0    2
          37   2.65092150542781     
     0.000000000000000    1    1    0    0    0
     0.000000000000000    1    2    0    0    0
     0.000000000000000    1    3    0    0    0
     0.000000000000000    1    4    0    0    0
     0.000000000000000    1    5    0    0    0
     0.000000000000000    1    6    0    0    0
     0.000000000000000    1    7    0    0    0
     0.000000000000000    1    8    0    0    0
     0.000000000000000    1    9    0    0    0
     0.000000000000000    1    1    1    0    0
     0.000000000000000    1    1    0    1    0
     0.000000000000000    1    1    0    0    1
     0.000000000000000    1    2    1    0    0
     0.000000000000000    1    2    0    1    0
     0.000000000000000    1    2    0    0    1
     0.000000000000000    1    3    1    0    0
     0.000000000000000    1    3    0    1    0
     0.000000000000000    1    3    0    0    1
     0.000000000000000    1    4    1    0    0
     0.000000000000000    1    4    0    1    0
     0.000000000000000    1    4    0    0    1
     0.000000000000000    1    5    1    0    0
     0.000000000000000    1    5    0    1    0
     0.000000000000000    1    5    0    0    1
     0.000000000000000    1    6    1    0    0
     0.000000000000000    1    6    0    1    0
     0.000000000000000    1    6    0    0    1
     0.000000000000000    1    1    2    0    0
     0.000000000000000    1    1    1    1    0
     0.000000000000000    1    1    1    0    1
     0.000000000000000    1    1    0    2    0
     1.000284609858838    1    1    0    1    1
     0.000000000000000    1    1    0    0    2
     0.000000000000000    1    2    2    0    0
     0.000000000000000    1    2    1    1    0
     0.000000000000000    1    2    1    0    1
     0.000000000000000    1    2    0    2    0
    -0.027263901378031    1    2    0    1    1
     0.000000000000000    1    2    0    0    2
     0.000000000000000    1    3    2    0    0
     0.000000000000000    1    3    1    1    0
     0.000000000000000    1    3    1    0    1
     0.000000000000000    1    3    0    2    0
     0.000598227829255    1    3    0    1    1
     0.000000000000000    1    3    0    0    2
          38   2.65092150542782     
    -0.000000000000000    1    1    0    0    0
    -0.000000000000002    1    2    0    0    0
    -0.000000000000004    1    3    0    0    0
     0.000000000000013    1    4    0    0    0
    -0.000000000000017    1    5    0    0    0
     0.000000000000012    1    6    0    0    0
     0.000000000000014    1    7    0    0    0
    -0.000000000000007    1    8    0    0    0
     0.000000000000004    1    9    0    0    0
     0.000000000000000    1    1    1    0    0
     0.000000000000000    1    1    0    1    0
     0.000000000000000    1    1    0    0    1
     0.000000000000000    1    2    1    0    0
     0.000000000000000    1    2    0    1    0
     0.000000000000000    1    2    0    0    1
     0.000000000000000    1    3    1    0    0
     0.000000000000000    1    3    0    1    0
     0.000000000000000    1    3    0    0    1
     0.000000000000000    1    4    1    0    0
     0.000000000000000    1    4    0    1    0
     0.000000000000000    1    4    0    0    1
     0.000000000000000    1    5    1    0    0
     0.000000000000000    1    5    0    1    0
     0.000000000000000    1    5    0    0    1
     0.000000000000000    1    6    1    0    0
     0.000000000000000    1    6    0    1    0
     0.000000000000000    1    6    0    0    1
     0.209761234786357    1    1    2    0    0
     0.000000000000000    1    1    1    1    0
     0.000000000000000    1    1    1    0    1
     0.742130093180194    1    1    0    2    0
     0.000000000000000    1    1    0    1    1
    -0.951891327966555    1    1    0    0    2
    -0.005717282423213    1    2    2    0    0
     0.000000000000000    1    2    1    1    0
     0.000000000000000    1    2    1    0    1
    -0.020227604694424    1    2    0    2    0
     0.000000000000000    1    2    0    1    1
     0.025944887117616    1    2    0    0    2
     0.000125449304039    1    3    2    0    0
     0.000000000000000    1    3    1    1    0
     0.000000000000000    1    3    1    0    1
     0.000443836554409    1    3    0    2    0
     0.000000000000000    1    3    0    1    1
    -0.000569285858450    1    3    0    0    2
          39   2.65092150542782     
     0.000000000000000    1    1    0    0    0
    -0.000000000000000    1    2    0    0    0
     0.000000000000002    1    3    0    0    0
    -0.000000000000003    1    4    0    0    0
     0.000000000000009    1    5    0    0    0
    -0.000000000000006    1    6    0    0    0
    -0.000000000000015    1    7    0    0    0
     0.000000000000012    1    8    0    0    0
    -0.000000000000010    1    9    0    0    0
     0.000000000000000    1    1    1    0    0
     0.000000000000000    1    1    0    1    0
     0.000000000000000    1    1    0    0    1
     0.000000000000000    1    2    1    0    0
     0.000000000000000    1    2    0    1    0
     0.000000000000000    1    2    0    0    1
     0.000000000000000    1    3    1    0    0
     0.000000000000000    1    3    0    1    0
     0.000000000000000    1    3    0    0    1
     0.000000000000000    1    4    1    0    0
     0.000000000000000    1    4    0    1    0
     0.000000000000000    1    4    0    0    1
     0.000000000000000    1    5    1    0    0
     0.000000000000000    1    5    0    1    0
     0.000000000000000    1    5    0    0    1
     0.000000000000000    1    6    1    0    0
     0.000000000000000    1    6    0    1    0
     0.000000000000000    1    6    0    0    1
    -0.978043723512068    1    1    2    0    0
     0.000000000000000    1    1    1    1    0
     0.000000000000000    1    1    1    0    1
     0.670680419810211    1    1    0    2    0
     0.000000000000000    1    1    0    1    1
     0.307363303701855    1    1    0    0    2
     0.026657700576842    1    2    2    0    0
     0.000000000000000    1    2    1    1    0
     0.000000000000000    1    2    1    0    1
    -0.018280162107519    1    2    0    2    0
     0.000000000000000    1    2    0    1    1
    -0.008377538469307    1    2    0    0    2
    -0.000584926497784    1    3    2    0    0
     0.000000000000000    1    3    1    1    0
     0.000000000000000    1    3    1    0    1
     0.000401105533080    1    3    0    2    0
     0.000000000000000    1    3    0    1    1
     0.000183820964710    1    3    0    0    2
          40   3.83327770362837     
    -0.168852892266716    1    1    0    0    0
     0.888405167979346    1    2    0    0    0
    -0.885588100627061    1    3    0    0    0
    -5.233186466035746    1    4    0    0    0
     3.163792247687853    1    5    0    0    0
    -2.076336274339668    1    6    0    0    0
    -0.856821448261723    1    7    0    0    0
     0.387828033384838    1    8    0    0    0
    -0.239193423693548    1    9    0    0    0
     0.000000000000000    1    1    1    0    0
     0.000000000000000    1    1    0    1    0
     0.000000000000000    1    1    0    0    1
     0.000000000000000    1    2    1    0    0
     0.000000000000000    1    2    0    1    0
     0.000000000000000    1    2    0    0    1
     0.000000000000000    1    3    1    0    0
     0.000000000000000    1    3    0    1    0
     0.000000000000000    1    3    0    0    1
     0.000000000000000    1    4    1    0    0
     0.000000000000000    1    4    0    1    0
     0.000000000000000    1    4    0    0    1
     0.000000000000000    1    5    1    0    0
     0.000000000000000    1    5    0    1    0
     0.000000000000000    1    5    0    0    1
     0.000000000000000    1    6    1    0    0
     0.000000000000000    1    6    0    1    0
     0.000000000000000    1    6    0    0    1
     1.980367130108271    1    1    2    0    0
     0.000000000000000    1    1    1    1    0
     0.000000000000000    1    1    1    0    1
     1.980367130108272    1    1    0    2    0
     0.000000000000000    1    1    0    1    1
     1.980367130108275    1    1    0    0    2
     0.683508023511290    1    2    2    0    0
     0.000000000000000    1    2    1    1    0
     0.000000000000000    1    2    1    0    1
     0.683508023511291    1    2    0    2    0
     0.000000000000000    1    2    0    1    1
     0.683508023511292    1    2    0    0    2
     0.046277136351619    1    3    2    0    0
     0.000000000000000    1    3    1    1    0
     0.000000000000000    1    3    1    0    1
     0.046277136351619    1    3    0    2    0
     0.000000000000000    1    3    0    1    1
     0.046277136351619    1    3    0    0    2
          41   7.84104485556229     
     0.000000000000000    1    1    0    0    0
     0.000000000000000    1    2    0    0    0
     0.000000000000000    1    3    0    0    0
     0.000000000000000    1    4    0    0    0
     0.000000000000000    1    5    0    0    0
     0.000000000000000    1    6    0    0    0
     0.000000000000000    1    7    0    0    0
     0.000000000000000    1    8    0    0    0
     0.000000000000000    1    9    0    0    0
     1.274119858356358    1    1    1    0    0
     0.000000000000000    1    1    0    1    0
     0.000000000000000    1    1    0    0    1
    -0.897433775424910    1    2    1    0    0
     0.000000000000000    1    2    0    1    0
     0.000000000000000    1    2    0    0    1
     0.392658751177710    1    3    1    0    0
     0.000000000000000    1    3    0    1    0
     0.000000000000000    1    3    0    0    1
    -0.161344480075167    1    4    1    0    0
     0.000000000000000    1    4    0    1    0
     0.000000000000000    1    4    0    0    1
     0.064296319578152    1    5    1    0    0
     0.000000000000000    1    5    0    1    0
     0.000000000000000    1    5    0    0    1
    -0.020466640690962    1    6    1    0    0
     0.000000000000000    1    6    0    1    0
     0.000000000000000    1    6    0    0    1
     0.000000000000000    1    1    2    0    0
     0.000000000000000    1    1    1    1    0
     0.000000000000000    1    1    1    0    1
     0.000000000000000    1    1    0    2    0
     0.000000000000000    1    1    0    1    1
     0.000000000000000    1    1    0    0    2
     0.000000000000000    1    2    2    0    0
     0.000000000000000    1    2    1    1    0
     0.000000000000000    1    2    1    0    1
     0.000000000000000    1    2    0    2    0
     0.000000000000000    1    2    0    1    1
     0.000000000000000    1    2    0    0    2
     0.000000000000000    1    3    2    0    0
     0.000000000000000    1    3    1    1    0
     0.000000000000000    1    3    1    0    1
     0.000000000000000    1    3    0    2    0
     0.000000000000000    1    3    0    1    1
     0.000000000000000    1    3    0    0    2
          42   7.84104485556229     
     0.000000000000000    1    1    0    0    0
     0.000000000000000    1    2    0    0    0
     0.000000000000000    1    3    0    0    0
     0.000000000000000    1    4    0    0    0
     0.000000000000000    1    5    0    0    0
     0.000000000000000    1    6    0    0    0
     0.000000000000000    1    7    0    0    0
     0.000000000000000    1    8    0    0    0
     0.000000000000000    1    9    0    0    0
     0.000000000000000    1    1    1    0    0
     0.000000000000000    1    1    0    1    0
     1.274119858356358    1    1    0    0    1
     0.000000000000000    1    2    1    0    0
     0.000000000000000    1    2    0    1    0
    -0.897433775424910    1    2    0    0    1
     0.000000000000000    1    3    1    0    0
     0.000000000000000    1    3    0    1    0
     0.392658751177709    1    3    0    0    1
     0.000000000000000    1    4    1    0    0
     0.000000000000000    1    4    0    1    0
    -0.161344480075167    1    4    0    0    1
     0.000000000000000    1    5    1    0    0
     0.000000000000000    1    5    0    1    0
     0.064296319578152    1    5    0    0    1
     0.000000000000000    1    6    1    0    0
     0.000000000000000    1    6    0    1    0
    -0.020466640690962    1    6    0    0    1
     0.000000000000000    1    1    2    0    0
     0.000000000000000    1    1    1    1    0
     0.000000000000000    1    1    1    0    1
     0.000000000000000    1    1    0    2    0
     0.000000000000000    1    1    0    1    1
     0.000000000000000    1    1    0    0    2
     0.000000000000000    1    2    2    0    0
     0.000000000000000    1    2    1    1    0
     0.000000000000000    1    2    1    0    1
     0.000000000000000    1    2    0    2    0
     0.000000000000000    1    2    0    1    1
     0.000000000000000    1    2    0    0    2
     0.000000000000000    1    3    2    0    0
     0.000000000000000    1    3    1    1    0
     0.000000000000000    1    3    1    0    1
     0.000000000000000    1    3    0    2    0
     0.000000000000000    1    3    0    1    1
     0.000000000000000    1    3    0    0    2
          43   7.84104485556229     
     0.000000000000000    1    1    0    0    0
     0.000000000000000    1    2    0    0    0
     0.000000000000000    1    3    0    0    0
     0.000000000000000    1    4    0    0    0
     0.000000000000000    1    5    0    0    0
     0.000000000000000    1    6    0    0    0
     0.000000000000000    1    7    0    0    0
     0.000000000000000    1    8    0    0    0
     0.000000000000000    1    9    0    0    0
     0.000000000000000    1    1    1    0    0
     1.274119858356358    1    1    0    1    0
     0.000000000000000    1    1    0    0    1
     0.000000000000000    1    2    1    0    0
    -0.897433775424910    1    2    0    1    0
     0.000000000000000    1    2    0    0    1
     0.000000000000000    1    3    1    0    0
     0.392658751177709    1    3    0    1    0
     0.000000000000000    1    3    0    0    1
     0.000000000000000    1    4    1    0    0
    -0.161344480075167    1    4    0    1    0
     0.000000000000000    1    4    0    0    1
     0.000000000000000    1    5    1    0    0
     0.064296319578152    1    5    0    1    0
     0.000000000000000    1    5    0    0    1
     0.000000000000000    1    6    1    0    0
    -0.020466640690962    1    6    0    1    0
     0.000000000000000    1    6    0    0    1
     0.000000000000000    1    1    2    0    0
     0.000000000000000    1    1    1    1    0
     0.000000000000000    1    1    1    0    1
     0.000000000000000    1    1    0    2    0
     0.000000000000000    1    1    0    1    1
     0.000000000000000    1    1    0    0    2
     0.000000000000000    1    2    2    0    0
     0.000000000000000    1    2    1    1    0
     0.000000000000000    1    2    1    0    1
     0.000000000000000    1    2    0    2    0
     0.000000000000000    1    2    0    1    1
     0.000000000000000    1    2    0    0    2
     0.000000000000000    1    3    2    0    0
     0.000000000000000    1    3    1    1    0
     0.000000000000000    1    3    1    0    1
     0.000000000000000    1    3    0    2    0
     0.000000000000000    1    3    0    1    1
     0.000000000000000    1    3    0    0    2
          44   9.82093692097962     
    -0.244728591720268    1    1    0    0    0
     4.069899345598383    1    2    0    0    0
    -4.787351238772297    1    3    0    0    0
    -3.556412966253799    1    4    0    0    0
     1.908854873386330    1    5    0    0    0
    -1.238152076300368    1    6    0    0    0
    -0.515960875076785    1    7    0    0    0
     0.234452128512020    1    8    0    0    0
    -0.144759388709521    1    9    0    0    0
     0.000000000000000    1    1    1    0    0
     0.000000000000000    1    1    0    1    0
     0.000000000000000    1    1    0    0    1
     0.000000000000000    1    2    1    0    0
     0.000000000000000    1    2    0    1    0
     0.000000000000000    1    2    0    0    1
     0.000000000000000    1    3    1    0    0
     0.000000000000000    1    3    0    1    0
     0.000000000000000    1    3    0    0    1
     0.000000000000000    1    4    1    0    0
     0.000000000000000    1    4    0    1    0
     0.000000000000000    1    4    0    0    1
     0.000000000000000    1    5    1    0    0
     0.000000000000000    1    5    0    1    0
     0.000000000000000    1    5    0    0    1
     0.000000000000000    1    6    1    0    0
     0.000000000000000    1    6    0    1    0
     0.000000000000000    1    6    0    0    1
     2.240351244163711    1    1    2    0    0
     0.000000000000000    1    1    1    1    0
     0.000000000000000    1    1    1    0    1
     2.240351244163711    1    1    0    2    0
     0.000000000000000    1    1    0    1    1
     2.240351244163711    1    1    0    0    2
     0.408966767958997    1    2    2    0    0
     0.000000000000000    1    2    1    1    0
     0.000000000000000    1    2    1    0    1
     0.408966767958998    1    2    0    2    0
     0.000000000000000    1    2    0    1    1
     0.408966767958999    1    2    0    0    2
     0.028015235109756    1    3    2    0    0
     0.000000000000000    1    3    1    1    0
     0.000000000000000    1    3    1    0    1
     0.028015235109756    1    3    0    2    0
     0.000000000000000    1    3    0    1    1
     0.028015235109756    1    3    0    0    2
          45   27.8728300300104     
     2.345549221556764    1    1    0    0    0
    -4.742849480895156    1    2    0    0    0
     3.926411579980278    1    3    0    0    0
     1.983118007276650    1    4    0    0    0
    -1.064287814997171    1    5    0    0    0
     0.694525872912418    1    6    0    0    0
     0.293580858308429    1    7    0    0    0
    -0.133799637732504    1    8    0    0    0
     0.082677329197829    1    9    0    0    0
     0.000000000000000    1    1    1    0    0
     0.000000000000000    1    1    0    1    0
     0.000000000000000    1    1    0    0    1
     0.000000000000000    1    2    1    0    0
     0.000000000000000    1    2    0    1    0
     0.000000000000000    1    2    0    0    1
     0.000000000000000    1    3    1    0    0
     0.000000000000000    1    3    0    1    0
     0.000000000000000    1    3    0    0    1
     0.000000000000000    1    4    1    0    0
     0.000000000000000    1    4    0    1    0
     0.000000000000000    1    4    0    0    1
     0.000000000000000    1    5    1    0    0
     0.000000000000000    1    5    0    1    0
     0.000000000000000    1    5    0    0    1
     0.000000000000000    1    6    1    0    0
     0.000000000000000    1    6    0    1    0
     0.000000000000000    1    6    0    0    1
    -1.433696616509911    1    1    2    0    0
     0.000000000000000    1    1    1    1    0
     0.000000000000000    1    1    1    0    1
    -1.433696616509912    1    1    0    2    0
     0.000000000000000    1    1    0    1    1
    -1.433696616509912    1    1    0    0    2
    -0.230993804078114    1    2    2    0    0
     0.000000000000000    1    2    1    1    0
     0.000000000000000    1    2    1    0    1
    -0.230993804078114    1    2    0    2    0
     0.000000000000000    1    2    0    1    1
    -0.230993804078115    1    2    0    0    2
    -0.016003790412913    1    3    2    0    0
     0.000000000000000    1    3    1    1    0
     0.000000000000000    1    3    1    0    1
    -0.016003790412913    1    3    0    2    0
     0.000000000000000    1    3    0    1    1
    -0.016003790412913    1    3    0    0    2
