          80
           1  -17.1029407575919     
           2  -2.13840417339351     
           3  -1.73654654004630     
           4  -1.73654654004630     
           5  -1.73654654004630     
           6 -0.722321183261491     
           7 -0.626326555203032     
           8 -0.626326555202995     
           9 -0.626326555202980     
          10 -0.514959252639610     
          11 -0.514959252639610     
          12 -0.514959252639610     
          13 -0.514959252639606     
          14 -0.514959252639592     
          15 -0.366448132067226     
          16 -0.330376048193535     
          17 -0.330376048193532     
          18 -0.330376048193531     
          19 -0.286703883264845     
          20 -0.286703883264801     
          21 -0.286703883264801     
          22 -0.286703883264801     
          23 -0.286703883264765     
          24 -0.220668409444234     
          25 -0.217549518764307     
          26 -0.217549518764306     
          27 -0.217549518764306     
          28 -0.217549518764304     
          29 -0.217549518764301     
          30 -0.217549518764300     
          31 -0.217549518764294     
          32 -0.202853341229694     
          33 -0.202853341229693     
          34 -0.202853341229685     
          35 -0.144928630097694     
          36 -0.113289638905924     
          37 -0.113289638905918     
          38 -0.113289638905882     
          39 -0.102826271989353     
          40 -3.429965237942698E-002
          41  5.598048635560636E-002
          42  5.598048635560653E-002
          43  5.598048635560664E-002
          44  5.598048635562051E-002
          45  5.598048635564549E-002
          46  0.177265728646350     
          47  0.177265728646390     
          48  0.177265728646439     
          49  0.236041431183298     
          50  0.536392408686337     
          51  0.536392408686341     
          52  0.536392408686342     
          53  0.536392408686342     
          54  0.536392408686345     
          55  0.536392408686345     
          56  0.536392408686346     
          57  0.841117148603996     
          58  0.841117148604035     
          59  0.841117148604112     
          60  0.973738380969758     
          61   1.94106522377536     
          62   1.94106522377536     
          63   1.94106522377536     
          64   1.94106522377536     
          65   1.94106522377539     
          66   2.39925949156834     
          67   2.39925949156851     
          68   2.39925949156854     
          69   2.56872802650131     
          70   6.35002973687170     
          71   7.71387892498888     
          72   7.71387892498895     
          73   7.71387892498897     
          74   22.2806835227127     
          75   25.4480782478307     
          76   25.4480782478308     
          77   25.4480782478309     
          78   89.3491078406631     
          79   332.886792796590     
          80   1166.23786988608     
